[background.jpeg]
filters=sepia=1;bw=1;bw=1;bw=1;glow2=1,0.643275,94.896194;
moddate=370cac3e58c2d901
width=3000
height=2000
textactive=0
